%YAML:1.0
cam_K: !!opencv-matrix
   rows: 3
   cols: 3
   dt: d
   data: [ 1.4179889353679955e+03, 0., 9.6888989541591241e+02, 0.,
       1.4234536217485975e+03, 5.8310171050699864e+02, 0., 0., 1. ]
cam_kc: !!opencv-matrix
   rows: 1
   cols: 5
   dt: d
   data: [ -8.1630652096398831e-02, 2.4309202348711137e-01,
       4.0013098462328466e-03, -1.5532646697134011e-04,
       -3.8413586434752139e-01 ]
proj_K: !!opencv-matrix
   rows: 3
   cols: 3
   dt: d
   data: [ 1.8779454055410040e+03, 0., 4.5826571389490215e+02, 0.,
       1.8707267253669377e+03, 8.8118660455001270e+02, 0., 0., 1. ]
proj_kc: !!opencv-matrix
   rows: 1
   cols: 5
   dt: d
   data: [ -1.2518336207152042e-01, -1.8082539488466326e-01,
       -1.3750596489211115e-02, -5.5413888374699549e-03,
       5.4220936142392540e-01 ]
R: !!opencv-matrix
   rows: 3
   cols: 3
   dt: d
   data: [ 9.7959565716079000e-01, 5.2768440333566466e-02,
       -1.9392740955440749e-01, -8.4070103072675220e-02,
       9.8402824948647560e-01, -1.5690959811921082e-01,
       1.8255017458515296e-01, 1.7001145819427974e-01,
       9.6838604793831307e-01 ]
T: !!opencv-matrix
   rows: 3
   cols: 1
   dt: d
   data: [ 5.4260515343572501e+02, -2.4451365195029740e+02,
       4.8636774406601296e+02 ]
cam_error: 3.0239009466904909e-01
proj_error: 3.3889789847325474e-01
stereo_error: 4.4249235270948811e-01
