%YAML:1.0
cam_K: !!opencv-matrix
   rows: 3
   cols: 3
   dt: d
   data: [ 1.4103166254252631e+03, 0., 9.5074713009601101e+02, 0.,
       1.4176620670950570e+03, 5.8917728101047453e+02, 0., 0., 1. ]
cam_kc: !!opencv-matrix
   rows: 1
   cols: 5
   dt: d
   data: [ -1.1941858086653630e-01, 4.9323801350490887e-01,
       2.1551150215194390e-03, 4.7149442157913444e-03,
       -9.8525543994357612e-01 ]
proj_K: !!opencv-matrix
   rows: 3
   cols: 3
   dt: d
   data: [ 1.8452745497873243e+03, 0., 5.8921070856278220e+02, 0.,
       1.8419740106653926e+03, 8.3533140249689870e+02, 0., 0., 1. ]
proj_kc: !!opencv-matrix
   rows: 1
   cols: 5
   dt: d
   data: [ -1.1012332471275814e-01, -2.2522528465350716e-01,
       -1.2604367934426137e-02, 4.5819908861842642e-03,
       6.9320673708355007e-01 ]
R: !!opencv-matrix
   rows: 3
   cols: 3
   dt: d
   data: [ 9.9392161593603157e-01, 5.1961055100638316e-02,
       9.7056015413451380e-02, -3.9246310389084264e-02,
       9.9091956836929651e-01, -1.2860068484907336e-01,
       -1.0285693217256356e-01, 1.2400990998962727e-01,
       9.8693565835287012e-01 ]
T: !!opencv-matrix
   rows: 3
   cols: 1
   dt: d
   data: [ -4.3908536548593173e+02, -1.7905673381556801e+02,
       4.7634193043595400e+02 ]
cam_error: 3.0463590970366244e-01
proj_error: 2.9992645292296061e-01
stereo_error: 4.6362720412196257e-01
