<?xml version="1.0"?>
<opencv_storage>
<cam_rvecs type_id="opencv-matrix">
  <rows>3</rows>
  <cols>1</cols>
  <dt>d</dt>
  <data>
    -7.2159864510953894e-02 -4.4868269172134156e-01
    -3.0750416135540588e+00</data></cam_rvecs>
<cam_tvecs type_id="opencv-matrix">
  <rows>3</rows>
  <cols>1</cols>
  <dt>d</dt>
  <data>
    4.4549695288339967e+02 1.5969777245486691e+02 1.4147726226581315e+03</data></cam_tvecs>
<proj_rvecs type_id="opencv-matrix">
  <rows>3</rows>
  <cols>1</cols>
  <dt>d</dt>
  <data>
    2.2309664640078039e-01 2.4848234183166543e-01 3.1266061393348479e+00</data></proj_rvecs>
<proj_tvecs type_id="opencv-matrix">
  <rows>3</rows>
  <cols>1</cols>
  <dt>d</dt>
  <data>
    1.5103548481661258e+02 -2.1960805693316826e+02
    1.8460986579604378e+03</data></proj_tvecs>
</opencv_storage>
