<?xml version="1.0"?>
<opencv_storage>
<homo type_id="opencv-matrix">
  <rows>3</rows>
  <cols>3</cols>
  <dt>d</dt>
  <data>
    1.3017553246317042e+00 2.6023828148312178e-01
    -4.4091034885491615e+02 -1.3249059101101926e-02
    1.3134339906722610e+00 -4.2593924941075068e+02
    1.5795309783502327e-04 1.9124283858964030e-04 9.9999999999999989e-01</data></homo>
<perspecMat type_id="opencv-matrix">
  <rows>3</rows>
  <cols>3</cols>
  <dt>f</dt>
  <data>
    -431602080. -431602080. -431602080. -431602080. -431602080.
    -431602080. -431602080. -431602080. -431602080.</data></perspecMat>
</opencv_storage>
